$ANSIBLE_VAULT;1.1;AES256
33373739663061353865656131333164363434626230383036343365626565336337666565366662
3239323838633964633066393465656365646562393864310a346639313733633430623830326163
35646439313235306462633839313430643837333532653937653863343134336264313065336136
3166363031396136660a323439323066356161643464626434333264613462636464376632633738
64656264353630633266616265653763343563663337353462663731386534653531303930353765
37363332633836313935343364613763363365386339663038613733663539383365653831393637
64663766656162636665303230383863656536313130356430343465313732373736336631306666
31653666386539623134386665663664313738363339343364303637356361383961643965376331
64646133306539663435383362663061663836396130343534633962333262643662303565303265
34363165633062616335663538663566636630353936306334663161646533323737316465316637
36376466396335646335303735636232376137386638396364663335313836626465656465366334
61303732353335633134363837393930303766393063346237623630333632393137376539343839
34316461383536303632306135646163363736643933656364366162326637643137386137626232
37386137333839353832326365656631323036363736396464313131333439663932346164306537
61326337343965363939353961393237623965363138666263643131666433383634626634383961
37383962343532373734636439336234336662363131313932656533316562343163383063336362
61333666303037326138376466643831663935333164373061373436653361386262376362363736
33326366653932353532393736343836613638353237343638626162336565353163376238646139
61313233643066646162383661613339323930313663323935663532626665623734303130663262
34363430646239656265383735636438323861646364613932643730363832393237366236323131
35396439313566366134386431393662663438373534656239333863326133393261373264376230
63313730363731396335306566333163613666633235313163316230633963366632393164363536
63303064653666666632636561663233353335336233623161303838663661613264613863306631
39313164323962363235653266373332366436633039643834366337646331313263356236353465
65623839653239363366613233313965646462396538343931653139643330633563666537323265
64343935346464356330633338303265386563613261393564643433373536343934633761313763
38333862316561613934363731316435386436653163376139323835306165363431363561303063
66383366383730323861643337613366316563383466663638343130656630346263616163663034
66323065646632383136613265343261393137386338393030303333313735383261363839316266
30336464663236656534646265666635646563313962646638663566336239353962633365306430
38366534363032613730343666363262323863353531353166663230663961333661386632316432
31356338646539393762643832393362336265636134643464653265326332663838373061323266
35613035623166356431623237623736323563363862316366613533363333666635376134313266
36306563623461343736303761313037383231366436316636376534316139363834366339663438
33386665383363643865333634356139636364353835626538623232336565396432353162646233
64393764303962643035333865663163333830613964373933623564303931373934386230636339
39326165366565306337633865353163343363613231666432306334633662313432633837323466
65653939303431653931353933353761643239316364353964633264373230643238346639316138
64666161343737656364613062363031666431633364643439363637393962626462353633643336
31333938313065643139383630666364643232613461383865303834343135313133616438356436
35376633643562326236656337343734306534666635386238383735633132633332326438323236
37623733343039306134353439643330393231353239306335636661643737383361363466396134
65306565633235623633626131343137353161326462356130343936373439306636633538336434
65343966373437376538386630623362383134376238646465636332653739633332303838316233
33356663353931383432343064633935346261333336653937636662633361633533653735623432
36383235666263303764656261313235343030343161303338323539656236383665636535613839
31356364363932343333383834383339363431666664393336326631663734653363346664633161
31366362333434363162613364666435663963343737663834356361326662313664393234366561
63396133643266666332323735633732613162646365646339356537663666643437613830343637
39626133633537353866323361666633393238383664653861643835366562633238303233323966
30646137616163613231636664396537623436366430306365343734326136643538346433353564
34653139366637376161613338623865303636656131643133623034633865346162666231666137
39373363663562643237646661316131386636376633636531336564656631633837656166326433
35333334323236343834303938333362666265363562306438636164396337326434363863363165
39326366303836633661653263633064623230336637353832393430316239616132616562623432
65393166373731663931613832313961376334373838666462633438353637383730303365303166
37613462363763633465356336613435353362656332333965656234666336643536373662343063
63666435653933353433323537633239363462373163383066323435646133623839313830393937
64633237343665623465346630613930666638323430376165326335646466663732666531323665
64366138373737633765376237316235316134363766376463616362343032326563313832356338
62383536613634613033616463333431653234303266666438313534636666613239326337326566
30333465616337333063633437386264303837386633663536636231333365393433316337336437
34376137633062633037393235326539666133333461326365666232353662326139623362363531
62346136333135316238623030336662636437313762373537613064363663653836356631666166
36393830356437613333356265346430626461633630643939333232633034363963653230643165
37623162653164653339323761333631326330373737363933666462366366373861656466613039
38633663376666373664313063656637633739656363363532383734376639373032353538343739
30386266653637613431663161336564646161383734386332616534333837623833663434623037
39383137623939646639333035383239353665336562313039653035643765313438616165303432
61333063333761613038316661376531306332383163306239636234313430393966373533653137
37386636336162363964393538353830303239633231643066323066663762623239376137363566
35633735373666306332616463303065343331633331373366343036323632383963633336643666
61396333333932313366646265373863626533303566303634613164346562613232393862333462
38633365616534386238373462333133383735353439666432616635636639353561633263383135
66393733316233386361373538613334626532346136323364646265616666663935323463366533
30646162663131326165316637373133346166323730636162376366306434356130326233373664
34353938393132313663636563646262306336623332323863303432613039343835396433393439
64373232303664643331643432336363663837373166323966343938303564383761313263666338
66346562316431336166633734313662653162363464313932323037363933313634643138376339
30636166363736633863663964653037633666326531666465666561316166353461326636333735
62366334613039613036663063303635383538313335323365666230623833346639356432653564
62326430396333313234303030663539346462663032356130343462336363306138393030346530
34393462393731316266303637393433333862633562306235363762303330313964653666333932
31666238323037643731386331633832303233643064666635313635323566393935666132623130
63343635623530646161313866343662356663663066643737313736663030306262376231393431
33333932396635656231613935303662323361626534343661623135343965326333663233653162
32343239663062666562396563333534336363653163623036623738646636323239666432636533
39336630653636396161366566306265643337626433643461366362316239323337323936396136
61373431366134376434383362656132313039363066656531643730613265663366623632373636
30343539393736616133653737663533663335386337646462383034303733643737346637303234
39383837316366316538656165353234343730383734623763393863346563316166373465386332
39323030646637343366363234623835303836396433663933613162333539303164303937633231
34323362333137333062393566373133653063643664316461373433616465353966653931623637
36653366316461663337386132323365343464653363613833376234643635346565393366306362
37633364336565643063616230656266353966383439656138323130633630326365386236336232
39643634353662363239643839653637633034666332396136393261623663623531323539636664
31396636653666326563306438656365623830383337353730643838306135623166306562623761
65623236383936323036616533393738393230353435653434666666663664623037636531356632
62613636303264393663613637393932373137653731376531633235613532393938303431366561
38326538663631653039363934336632656461663866613962663332336432366266313135666464
39326130383432353434313461636665656537303063386434633336323965356233303765333531
65623633656234336362346463333631356162323539353937393330386264636137643862663333
37313261316462316134396234663735396235326232333338396365336466666634636131656230
33373262373935306361306663393335623839623039373536326533323663353365323464316531
38663739393633306634376438313165613266346435343234376263613761643763386635303139
39313331346566666565366539303637373138396433383038643233326539383663343335383164
61376466353065636431323431623166313733373431313239333937356663653135343039366130
31383734333365333136373332363431346462653365623330306637376165623961643430316130
36393739366237383738626136386563663265336661643465336439386161363232313134326562
65323934396437376437613234376130663737323531396637623730626462623766313032333863
37306563653732636263626261323539613733616238636363383665363737663364353664333836
32333132393861616632313961393364613462373533306530366630643565303562393865636636
65623631316639343339626266653061363861663631353130623930356534393432633137666136
37653532376264386663313934373934643436356532653863363934303962383138383332383333
64633834623336336232336261366263393665626237616432633562663239616539643264663834
37376339616563653462623730316464333439326566616231623364656265653431363134396132
36613635363938306462653337353063386231323736323338653065376666626566333837646232
37653266626633396634623765343038643932326438333661353533363162316533633830636162
36356633656466623063303633313039316665363833353334346365306537346632666130663230
30636366333437313837613663343361353236353439666239326433646261303032343836303939
38636165303033376536653035373264356130356339376531636165376565646437386461616239
35613239303839353261353230366630653963373232326232396138363165383163633634633732
34626263353837653731643436633334303166656566613033326364663562666336633062613934
35313361376262353164323731333565346139663764336237386338373438653934623236323830
33623664613565613535656436613833313239343766323634323733616335313830386634643334
32643730663336396364343361363337646461663462303831326531333831643134356636333662
38306137336438613838343537306161633335613864316136353466333161363163633337383138
38363632653531613239343161373534643465643338313031623831316631626138326132343433
37646431623164346236366330333437643036326665353035346533653362306339336538346462
33633232363766376232636335313163666430663334623565663337306530666237313636313832
31393932376164396136643831326331623039393561626233653932393161326631346563653165
62636639646530343139393338643663376530383139366232666365326262343036393830633038
38323661343237333239346365663637643235333032386237643737393364333330323263333231
3562366632386432356361336136363437343963636563663439
